403.03044707543359
403.03044707543359
400.85881712540942
401.35074907608987
401.35074907608987
403.03044707543359
401.35074907608987
403.03044707543359
401.38296832836744
403.03044707543359
403.03044707543359
400.50933782523384
403.03044707543359
401.38296832836744
399.95163216962845
401.35074907608987
403.03044707543359
403.03044707543359
403.03044707543359
400.85881712540942
403.03044707543359
400.49267394981678
403.03044707543359
403.03044707543359
400.49267394981678
403.03044707543359
403.03044707543359
403.03044707543359
403.03044707543359
399.95163216962851
398.05581240547491
403.03044707543359
401.38296832836744
401.35074907608987
403.03044707543359
401.35074907608987
403.03044707543359
400.85881712540942
403.03044707543359
401.38296832836744
403.03044707543359
403.03044707543359
403.03044707543359
403.03044707543359
399.95163216962845
403.03044707543359
400.50933782523384
401.38296832836744
399.28843005413023
399.00085948916535
395.36099493529451
399.690342119386
396.95761561216926
399.690342119386
399.690342119386
397.18220957310541
399.690342119386
398.60867222391749
403.03044707543359
401.35074907608987
396.30162351652291
403.03044707543359
400.50933782523384
401.35074907608987
400.49267394981678
397.46574499881962
394.51755960529448
403.03044707543359
403.03044707543359
401.35074907608987
403.03044707543359
403.03044707543359
400.85881712540942
403.03044707543359
400.50933782523384
400.50933782523384
400.49267394981678
401.35074907608987
403.03044707543359
403.03044707543359
403.03044707543359
403.03044707543359
403.03044707543359
400.50933782523384
398.95802110497112
403.03044707543359
400.85881712540942
403.03044707543359
400.85881712540942
403.03044707543359
400.49267394981678
403.03044707543359
400.50933782523384
397.59069296361935
401.38296832836744
396.64023726684297
398.60867222391749
403.03044707543359
399.95163216962851
403.03044707543359
401.38296832836744
401.35074907608987
403.03044707543359
401.38296832836744
403.03044707543359
403.03044707543359
399.5233180453572
403.03044707543359
401.35074907608987
403.03044707543359
400.50933782523384
396.08641166603775
400.49267394981678
403.03044707543359
399.5233180453572
403.03044707543359
400.50933782523384
403.03044707543359
399.28190694228391
398.95802110497112
403.03044707543359
403.03044707543359
403.03044707543359
403.03044707543359
403.03044707543359
403.03044707543359
399.5233180453572
399.95163216962851
403.03044707543359
401.35074907608987
403.03044707543359
403.03044707543359
400.50933782523384
399.95163216962845
403.03044707543359
400.49267394981678
403.03044707543359
399.95163216962845
403.03044707543359
400.49267394981678
401.35074907608987
398.4015017366745
400.14379955843657
399.10305651441968
403.03044707543359
403.03044707543359
398.94105238269447
403.03044707543359
400.85881712540942
400.85881712540942
398.38494478707821
401.38296832836744
400.49267394981678
401.35074907608987
400.85881712540942
398.94105238269447
403.03044707543359
401.35074907608987
400.49267394981678
401.38296832836744
403.03044707543359
403.03044707543359
396.33308398907894
403.03044707543359
403.03044707543359
403.03044707543359
401.38296832836744
403.03044707543359
403.03044707543359
403.03044707543359
401.38296832836744
401.38296832836744
403.03044707543359
403.03044707543359
403.03044707543359
400.50933782523384
403.03044707543359
401.35074907608987
403.03044707543359
397.46574499881962
401.38296832836744
403.03044707543359
401.38296832836744
403.03044707543359
401.35074907608987
403.03044707543359
399.95163216962851
401.35074907608987
403.03044707543359
401.35074907608987
403.03044707543359
403.03044707543359
401.38296832836744
400.49267394981678
403.03044707543359
403.03044707543359
401.38296832836744
399.28190694228391
403.03044707543359
403.03044707543359
403.03044707543359
400.50933782523384
403.03044707543359
403.03044707543359
397.81020047335824
400.14379955843657
399.10305651441968
400.14379955843657
403.03044707543359
395.71466989934419
400.49267394981678
403.03044707543359
400.50933782523384
400.49267394981678
403.03044707543359
403.03044707543359
397.37685505146544
398.78409274086863
394.51419309525812
399.28843005413023
399.00085948916535
398.78409274086863
399.00085948916535
396.65445890244291
396.83638212314378
397.37685505146544
398.78409274086863
399.28843005413023
396.45875722922534
399.00085948916535
395.92000832558824
400.14379955843657
403.03044707543359
400.85881712540942
401.38296832836744
400.49267394981678
398.94105238269447
403.03044707543359
395.20772012418735
398.94105238269447
403.03044707543359
403.03044707543359
400.49267394981678
403.03044707543359
403.03044707543359
401.35074907608987
403.03044707543359
401.35074907608987
403.03044707543359
400.85881712540942
403.03044707543359
403.03044707543359
403.03044707543359
403.03044707543359
403.03044707543359
401.35074907608987
403.03044707543359
397.03951415729114
396.83247766737082
396.79844577843028
400.14379955843657
400.14379955843657
396.85059046167629
401.38296832836744
403.03044707543359
401.35074907608987
401.35074907608987
403.03044707543359
403.03044707543359
401.38296832836744
401.38296832836744
399.5233180453572
403.03044707543359
403.03044707543359
403.03044707543359
397.07242236532289
396.86737377364443
403.03044707543359
400.50933782523384
401.38296832836744
403.03044707543359
400.85881712540942
403.03044707543359
403.03044707543359
399.5233180453572
401.38296832836744
397.59069296361935
403.03044707543359
403.03044707543359
401.35074907608987
401.38296832836744
403.03044707543359
403.03044707543359
398.38494478707821
403.03044707543359
403.03044707543359
397.60800286360944
403.03044707543359
403.03044707543359
403.03044707543359
403.03044707543359
403.03044707543359
403.03044707543359
399.28190694228391
403.03044707543359
403.03044707543359
403.03044707543359
401.35074907608987
401.35074907608987
401.38296832836744
403.03044707543359
403.03044707543359
401.38296832836744
403.03044707543359
403.03044707543359
403.03044707543359
403.03044707543359
401.38296832836744
401.38296832836744
403.03044707543359
401.38296832836744
401.38296832836744
398.08794761381978
401.38296832836744
400.50933782523384
399.95163216962845
401.38296832836744
401.38296832836744
403.03044707543359
403.03044707543359
403.03044707543359
403.03044707543359
401.35074907608987
403.03044707543359
400.14379955843657
401.35074907608987
403.03044707543359
403.03044707543359
403.03044707543359
403.03044707543359
403.03044707543359
401.38296832836744
400.49267394981678
401.35074907608987
401.35074907608987
401.38296832836744
397.59069296361935
397.10095798950624
401.35074907608987
398.60867222391749
403.03044707543359
403.03044707543359
399.28190694228391
403.03044707543359
403.03044707543359
400.49267394981678
403.03044707543359
403.03044707543359
403.03044707543359
403.03044707543359
398.94105238269447
395.95289065607005
399.10305651441968
399.690342119386
399.55822965009531
399.46967434399704
399.55822965009531
399.690342119386
399.690342119386
396.29074094759739
403.03044707543359
403.03044707543359
392.0706680598945
403.03044707543359
400.50933782523384
403.03044707543359
403.03044707543359
403.03044707543359
403.03044707543359
401.38296832836744
403.03044707543359
401.35074907608987
403.03044707543359
398.85590302940921
401.38296832836744
403.03044707543359
403.03044707543359
403.03044707543359
403.03044707543359
403.03044707543359
401.35074907608987
403.03044707543359
398.92613101427764
399.95163216962851
398.95802110497112
393.99571987801556
399.5233180453572
400.50933782523384
400.49267394981678
400.50933782523384
401.38296832836744
403.03044707543359
399.5233180453572
400.85881712540942
403.03044707543359
403.03044707543359
401.35074907608987
400.85881712540942
403.03044707543359
401.38296832836744
403.03044707543359
401.35074907608987
399.95163216962845
401.38296832836744
400.14379955843657
403.03044707543359
403.03044707543359
400.49267394981678
400.85881712540942
400.85881712540942
403.03044707543359
401.35074907608987
401.35074907608987
403.03044707543359
400.49267394981678
400.50933782523384
403.03044707543359
403.03044707543359
403.03044707543359
403.03044707543359
399.28190694228391
403.03044707543359
398.90916871617117
403.03044707543359
399.95163216962845
401.35074907608987
400.85881712540942
400.49267394981678
399.95163216962851
384.13800361474
400.49267394981678
399.95163216962845
403.03044707543359
400.50933782523384
403.03044707543359
400.50933782523384
403.03044707543359
403.03044707543359
403.03044707543359
403.03044707543359
401.35074907608987
403.03044707543359
403.03044707543359
403.03044707543359
401.35074907608987
398.08794761381978
403.03044707543359
398.95802110497112
403.03044707543359
400.85881712540942
403.03044707543359
401.35074907608987
401.35074907608987
398.94105238269447
403.03044707543359
403.03044707543359
403.03044707543359
403.03044707543359
403.03044707543359
403.03044707543359
401.35074907608987
398.85590302940921
399.5233180453572
403.03044707543359
401.35074907608987
401.35074907608987
403.03044707543359
403.03044707543359
401.38296832836744
398.95802110497112
400.50933782523384
398.38494478707821
400.49267394981678
403.03044707543359
403.03044707543359
403.03044707543359
399.28190694228391
398.95802110497112
403.03044707543359
401.35074907608987
401.35074907608987
398.95802110497112
397.81020047335824
396.74159543906853
400.14379955843657
401.38296832836744
398.05581240547491
400.85881712540942
403.03044707543359
401.35074907608987
403.03044707543359
403.03044707543359
403.03044707543359
403.03044707543359
401.35074907608987
401.35074907608987
403.03044707543359
399.28190694228391
403.03044707543359
403.03044707543359
398.92613101427764
403.03044707543359
398.38494478707821
401.35074907608987
401.35074907608987
401.35074907608987
400.85881712540942
400.49267394981678
398.38494478707821
400.49267394981678
403.03044707543359
398.38494478707821
401.38296832836744
398.95802110497112
403.03044707543359
401.38296832836744
403.03044707543359
403.03044707543359
403.03044707543359
403.03044707543359
403.03044707543359
403.03044707543359
395.71466989934419
403.03044707543359
403.03044707543359
403.03044707543359
403.03044707543359
401.38296832836744
401.38296832836744
403.03044707543359
403.03044707543359
400.50933782523384
400.85881712540942
403.03044707543359
399.95163216962851
398.85590302940921
403.03044707543359
403.03044707543359
399.28190694228391
401.35074907608987
403.03044707543359
403.03044707543359
403.03044707543359
403.03044707543359
403.03044707543359
403.03044707543359
401.35074907608987
398.92613101427764
403.03044707543359
401.38296832836744
401.38296832836744
398.94105238269447
403.03044707543359
403.03044707543359
401.38296832836744
401.35074907608987
403.03044707543359
403.03044707543359
398.94105238269447
403.03044707543359
403.03044707543359
400.14379955843657
400.14379955843657
397.81020047335824
403.03044707543359
403.03044707543359
401.35074907608987
396.83570903259204
401.38296832836744
403.03044707543359
401.35074907608987
401.38296832836744
401.35074907608987
403.03044707543359
403.03044707543359
401.38296832836744
400.85881712540942
403.03044707543359
403.03044707543359
403.03044707543359
401.38296832836744
401.35074907608987
403.03044707543359
401.38296832836744
401.38296832836744
403.03044707543359
403.03044707543359
400.50933782523384
400.85881712540942
403.03044707543359
403.03044707543359
403.03044707543359
403.03044707543359
399.28190694228391
399.28843005413023
399.690342119386
399.46967434399704
397.38469735771059
399.55822965009531
399.00085948916535
398.78409274086863
398.78409274086863
399.28843005413023
390.94471307697961
399.00085948916535
399.690342119386
399.690342119386
399.46135193719095
395.37037658852682
399.690342119386
396.44760729305966
399.690342119386
399.55822965009531
392.69872549176165
399.690342119386
399.28843005413023
398.78409274086863
396.64023726684297
399.10305651441968
395.53171954097968
395.29224297439566
400.14379955843657
400.14379955843657
400.14379955843657
400.14379955843657
401.35074907608987
403.03044707543359
401.35074907608987
403.03044707543359
399.95163216962845
403.03044707543359
403.03044707543359
403.03044707543359
403.03044707543359
403.03044707543359
401.35074907608987
403.03044707543359
403.03044707543359
401.35074907608987
399.5233180453572
403.03044707543359
401.38296832836744
403.03044707543359
399.5233180453572
401.38296832836744
403.03044707543359
398.05581240547491
403.03044707543359
403.03044707543359
403.03044707543359
403.03044707543359
403.03044707543359
400.49267394981678
401.35074907608987
403.03044707543359
400.50933782523384
398.85590302940921
401.38296832836744
401.35074907608987
398.95802110497112
403.03044707543359
401.35074907608987
403.03044707543359
396.26171470183999
399.28190694228391
403.03044707543359
403.03044707543359
400.85881712540942
403.03044707543359
403.03044707543359
403.03044707543359
403.03044707543359
403.03044707543359
400.49267394981678
403.03044707543359
401.38296832836744
401.35074907608987
403.03044707543359
403.03044707543359
400.49267394981678
401.35074907608987
401.35074907608987
398.92613101427764
403.03044707543359
398.92613101427764
399.95163216962845
400.50933782523384
399.28190694228391
403.03044707543359
403.03044707543359
401.35074907608987
400.85881712540942
401.35074907608987
400.85881712540942
400.50933782523384
403.03044707543359
401.35074907608987
400.49267394981678
400.85881712540942
399.5233180453572
403.03044707543359
399.95163216962845
403.03044707543359
403.03044707543359
403.03044707543359
403.03044707543359
399.95163216962851
403.03044707543359
403.03044707543359
401.38296832836744
400.49267394981678
403.03044707543359
403.03044707543359
403.03044707543359
403.03044707543359
403.03044707543359
401.35074907608987
403.03044707543359
401.35074907608987
401.35074907608987
401.35074907608987
401.35074907608987
401.38296832836744
403.03044707543359
400.49267394981678
403.03044707543359
403.03044707543359
400.50933782523384
400.85881712540942
401.35074907608987
401.35074907608987
403.03044707543359
403.03044707543359
403.03044707543359
401.35074907608987
401.38296832836744
403.03044707543359
399.28190694228391
401.38296832836744
399.06867769850885
396.83247766737082
399.06867769850885
399.06867769850885
401.35074907608987
400.49267394981678
401.38296832836744
403.03044707543359
400.85881712540942
403.03044707543359
398.08794761381978
401.35074907608987
403.03044707543359
403.03044707543359
403.03044707543359
403.03044707543359
401.35074907608987
403.03044707543359
400.49267394981678
398.94105238269447
403.03044707543359
400.85881712540942
403.03044707543359
403.03044707543359
399.28190694228391
403.03044707543359
395.41311302600832
400.49267394981678
403.03044707543359
400.50933782523384
403.03044707543359
397.46574499881962
403.03044707543359
396.47483097470177
398.60867222391749
399.46967434399704
399.690342119386
393.9919226286658
399.46135193719095
393.41488550961242
395.20015615844602
397.60877294486153
397.60877294486153
399.55822965009531
399.46967434399704
399.46135193719095
397.8278760038595
401.38296832836744
399.95163216962845
398.85590302940921
401.38296832836744
398.03917406737338
403.03044707543359
403.03044707543359
403.03044707543359
398.03917406737338
400.85881712540942
403.03044707543359
400.85881712540942
403.03044707543359
403.03044707543359
403.03044707543359
403.03044707543359
401.35074907608987
403.03044707543359
403.03044707543359
397.10095798950624
398.90916871617117
401.35074907608987
403.03044707543359
403.03044707543359
403.03044707543359
403.03044707543359
403.03044707543359
399.5233180453572
399.28190694228391
403.03044707543359
399.5233180453572
403.03044707543359
401.35074907608987
398.08794761381978
401.38296832836744
403.03044707543359
400.14379955843657
399.10305651441968
396.81655070773945
400.85881712540942
401.38296832836744
401.35074907608987
398.4015017366745
400.50933782523384
399.95163216962845
403.03044707543359
403.03044707543359
403.03044707543359
403.03044707543359
403.03044707543359
403.03044707543359
401.35074907608987
401.35074907608987
403.03044707543359
403.03044707543359
403.03044707543359
403.03044707543359
403.03044707543359
403.03044707543359
401.38296832836744
401.38296832836744
403.03044707543359
403.03044707543359
403.03044707543359
403.03044707543359
401.38296832836744
399.5233180453572
400.85881712540942
400.49267394981678
399.28190694228391
403.03044707543359
403.03044707543359
398.92613101427764
400.49267394981678
400.85881712540942
403.03044707543359
396.69821192617957
398.78409274086863
394.08119136066279
398.60361225104356
399.28843005413023
399.00085948916535
394.66086345008347
399.28843005413023
399.28843005413023
392.70459629759569
399.690342119386
399.46967434399704
399.46135193719095
397.60877294486153
399.55822965009531
399.46967434399704
395.58438255189986
399.46967434399704
397.62367923308489
397.63152474419581
399.690342119386
397.36140077072139
399.46135193719095
397.36295845116035
399.46967434399704
399.55822965009531
399.690342119386
396.91499312826505
396.41700232622838
