450.57031241149281
445.85140453439868
450.57031241149281
448.42470340100334
450.57031241149281
447.52244745772072
450.57031241149281
450.57031241149281
450.57031241149281
450.57031241149281
450.47099195096428
450.47099195096428
450.47099195096428
450.47099195096428
444.31033810362118
448.73751589676993
450.47099195096428
450.47099195096428
446.6666435150845
450.47099195096428
448.89344752805931
447.33344882825054
446.6666435150845
447.33344882825054
448.73751589676993
450.47099195096428
450.47099195096428
445.38793266483532
448.39475735458916
448.89344752805931
448.73751589676993
446.6666435150845
448.89344752805931
446.50665309448567
446.94456445695516
444.99446595584732
447.00664179326708
447.00664179326708
446.94456445695516
440.86056414505515
448.09317988242333
450.47099195096428
448.39475735458916
450.47099195096428
448.89344752805931
450.47099195096428
450.47099195096428
450.47099195096428
447.46859644332386
447.00664179326708
445.38793266483532
446.8701979575419
450.47099195096428
450.47099195096428
450.47099195096428
448.73751589676993
450.47099195096428
450.47099195096428
450.47099195096428
450.47099195096428
450.47099195096428
450.47099195096428
450.47099195096428
448.89344752805931
447.99472685186993
446.10779464231604
450.47099195096428
450.47099195096428
450.47099195096428
450.47099195096428
448.73751589676993
448.39475735458916
447.33344882825054
448.73751589676993
446.8701979575419
446.8701979575419
446.7982391733056
448.73751589676993
450.47099195096428
447.46859644332386
447.00664179326708
445.89542187622442
450.47099195096428
450.47099195096428
450.47099195096428
450.47099195096428
448.73751589676993
450.47099195096428
447.46859644332386
445.72140793056985
447.33344882825054
442.24603019775384
443.52600098592899
443.52600098592899
447.99472685186993
450.47099195096428
450.47099195096428
450.47099195096428
448.39475735458916
448.39475735458916
448.39475735458916
450.47099195096428
447.22245427152581
445.26458517339177
446.94456445695516
446.94456445695516
447.33344882825054
445.72140793056985
448.73751589676993
450.47099195096428
448.73751589676993
445.89542187622442
448.73751589676993
447.22245427152581
450.47099195096428
446.80699198990868
445.65403263754945
448.39475735458916
450.47099195096428
448.73751589676993
445.85440804264499
450.47099195096428
447.99472685186993
450.47099195096428
450.47099195096428
450.47099195096428
450.47099195096428
448.89344752805931
450.47099195096428
441.59115901931307
445.85440804264499
450.47099195096428
448.39475735458916
450.47099195096428
448.89344752805931
450.47099195096428
448.39475735458916
447.99472685186993
445.65403263754945
443.97749718637778
447.22245427152581
448.89344752805931
450.47099195096428
448.09317988242333
450.47099195096428
450.47099195096428
448.56602846933481
450.57031241149281
450.57031241149281
450.57031241149281
450.57031241149281
450.57031241149281
450.57031241149281
450.57031241149281
448.56602846933481
450.57031241149281
446.56751671907159
450.57031241149281
450.57031241149281
448.42470340100334
450.57031241149281
450.57031241149281
450.57031241149281
450.57031241149281
444.99613543436635
450.57031241149281
450.57031241149281
448.42470340100334
450.57031241149281
450.57031241149281
448.56602846933481
450.57031241149281
450.57031241149281
450.57031241149281
450.57031241149281
441.08544636788366
450.57031241149281
450.57031241149281
448.56602846933481
450.57031241149281
447.52244745772072
450.57031241149281
447.52244745772072
450.57031241149281
450.57031241149281
450.57031241149281
450.57031241149281
450.57031241149281
445.85140453439868
450.57031241149281
448.56602846933481
450.57031241149281
450.57031241149281
450.57031241149281
450.57031241149281
450.57031241149281
450.57031241149281
450.57031241149281
450.57031241149281
445.80649434956058
450.57031241149281
450.57031241149281
450.57031241149281
444.99613543436635
450.57031241149281
440.11714648517818
443.04507167417745
450.57031241149281
450.57031241149281
450.57031241149281
450.57031241149281
450.57031241149281
448.56602846933481
448.56602846933481
450.57031241149281
450.57031241149281
448.56602846933481
450.57031241149281
450.57031241149281
448.56602846933481
448.56602846933481
448.56602846933481
450.57031241149281
450.57031241149281
450.57031241149281
450.57031241149281
450.57031241149281
450.57031241149281
450.57031241149281
448.42470340100334
450.57031241149281
450.57031241149281
448.42470340100334
445.60863888604058
448.56602846933481
448.42470340100334
450.57031241149281
450.57031241149281
450.57031241149281
450.57031241149281
450.57031241149281
450.57031241149281
450.57031241149281
450.57031241149281
450.57031241149281
450.57031241149281
450.57031241149281
450.57031241149281
450.57031241149281
450.57031241149281
447.52244745772072
450.57031241149281
450.57031241149281
448.42470340100334
448.42470340100334
450.57031241149281
446.56751671907159
448.56602846933481
450.57031241149281
448.56602846933481
447.52244745772072
450.47099195096428
448.09317988242333
450.47099195096428
448.09317988242333
450.47099195096428
448.39475735458916
448.73751589676993
446.50665309448567
450.47099195096428
450.47099195096428
450.47099195096428
450.47099195096428
445.85440804264499
450.47099195096428
450.47099195096428
450.47099195096428
448.89344752805931
448.73751589676993
450.47099195096428
446.8701979575419
450.47099195096428
448.09317988242333
448.09317988242333
446.6666435150845
448.09317988242333
450.47099195096428
450.47099195096428
447.46859644332386
447.46859644332386
448.89344752805931
448.89344752805931
448.73751589676993
450.47099195096428
448.89344752805931
447.99472685186993
450.47099195096428
450.47099195096428
448.39475735458916
450.47099195096428
447.99472685186993
447.99472685186993
448.09317988242333
446.6666435150845
450.47099195096428
450.47099195096428
450.47099195096428
450.47099195096428
448.89344752805931
448.89344752805931
446.63849511376429
450.47099195096428
450.47099195096428
450.57031241149281
448.56602846933481
450.57031241149281
450.57031241149281
445.41477078458769
448.56602846933481
450.57031241149281
448.56602846933481
450.57031241149281
450.57031241149281
450.57031241149281
450.57031241149281
448.56602846933481
446.27187885550791
448.89344752805931
450.47099195096428
448.73751589676993
448.89344752805931
447.99472685186993
450.47099195096428
447.99472685186993
448.39475735458916
450.47099195096428
446.6666435150845
450.47099195096428
450.47099195096428
448.89344752805931
446.8701979575419
450.47099195096428
450.47099195096428
450.47099195096428
450.47099195096428
450.47099195096428
450.47099195096428
445.85440804264499
448.89344752805931
450.47099195096428
450.47099195096428
450.57031241149281
450.57031241149281
450.57031241149281
450.57031241149281
448.42470340100334
450.57031241149281
450.57031241149281
450.57031241149281
450.57031241149281
448.56602846933481
450.57031241149281
450.57031241149281
448.56602846933481
450.57031241149281
450.57031241149281
450.57031241149281
450.57031241149281
450.57031241149281
450.57031241149281
450.57031241149281
450.47099195096428
450.47099195096428
450.47099195096428
450.47099195096428
450.47099195096428
450.47099195096428
448.73751589676993
448.39475735458916
446.10779464231604
447.00664179326708
447.00664179326708
448.73751589676993
450.47099195096428
446.80897966371549
450.47099195096428
450.47099195096428
450.47099195096428
448.89344752805931
450.47099195096428
450.47099195096428
448.73751589676993
442.96802493506982
446.27187885550791
450.57031241149281
450.57031241149281
448.39475735458916
450.47099195096428
450.47099195096428
446.8701979575419
447.46859644332386
450.47099195096428
450.47099195096428
446.35416877548573
450.47099195096428
450.47099195096428
447.22245427152581
450.47099195096428
448.89344752805931
450.47099195096428
450.47099195096428
450.47099195096428
450.47099195096428
447.22245427152581
448.89344752805931
448.73751589676993
450.47099195096428
450.47099195096428
450.47099195096428
448.39475735458916
447.00664179326708
446.6666435150845
448.73751589676993
448.39475735458916
450.47099195096428
446.7982391733056
447.46859644332386
448.73751589676993
450.47099195096428
450.47099195096428
450.47099195096428
446.80897966371549
446.63849511376429
450.47099195096428
448.73751589676993
448.56602846933481
450.57031241149281
448.42470340100334
448.42470340100334
450.57031241149281
450.57031241149281
450.57031241149281
444.21322662997289
447.52244745772072
450.57031241149281
450.57031241149281
447.52244745772072
446.6666435150845
450.47099195096428
450.47099195096428
450.47099195096428
447.99472685186993
450.47099195096428
443.88668497297493
450.47099195096428
445.85440804264499
446.27187885550791
450.47099195096428
450.47099195096428
448.39475735458916
446.35416877548573
448.89344752805931
443.69490502688654
446.8701979575419
448.73751589676993
448.73751589676993
446.27187885550791
450.57031241149281
450.57031241149281
450.57031241149281
448.56602846933481
450.57031241149281
446.56751671907159
450.57031241149281
450.57031241149281
450.57031241149281
448.42470340100334
450.57031241149281
450.57031241149281
443.69859472381808
450.57031241149281
445.00788116034136
450.57031241149281
450.57031241149281
450.57031241149281
450.57031241149281
447.33344882825054
448.89344752805931
450.47099195096428
448.09317988242333
450.47099195096428
448.73751589676993
448.73751589676993
447.22245427152581
444.21021901521908
445.38793266483532
445.89542187622442
446.80897966371549
446.94456445695516
447.00664179326708
447.22245427152581
450.47099195096428
448.89344752805931
442.96802493506982
447.46859644332386
448.73751589676993
450.47099195096428
448.89344752805931
448.73751589676993
450.47099195096428
448.89344752805931
450.47099195096428
450.47099195096428
448.39475735458916
448.89344752805931
448.39475735458916
450.47099195096428
442.59065068655116
450.47099195096428
450.47099195096428
450.47099195096428
447.99472685186993
450.47099195096428
450.47099195096428
450.47099195096428
448.89344752805931
444.19561998447801
448.73751589676993
448.73751589676993
448.09317988242333
448.73751589676993
443.1194833084254
448.89344752805931
447.33344882825054
446.8701979575419
450.47099195096428
448.89344752805931
450.47099195096428
448.39475735458916
450.47099195096428
448.73751589676993
450.47099195096428
447.99472685186993
450.47099195096428
450.47099195096428
448.89344752805931
448.89344752805931
447.33344882825054
448.89344752805931
450.47099195096428
440.42111723255755
446.94456445695516
446.7982391733056
448.09317988242333
448.73751589676993
448.09317988242333
443.05712914657437
450.57031241149281
448.56602846933481
450.57031241149281
450.57031241149281
448.56602846933481
450.57031241149281
450.57031241149281
450.57031241149281
450.57031241149281
450.47099195096428
450.47099195096428
448.89344752805931
450.47099195096428
447.99472685186993
450.47099195096428
441.09310341680532
450.47099195096428
450.47099195096428
448.73751589676993
450.47099195096428
450.47099195096428
450.47099195096428
450.47099195096428
450.47099195096428
450.47099195096428
450.47099195096428
450.47099195096428
450.47099195096428
446.35416877548573
448.39475735458916
442.24922544460446
442.24922544460446
442.19842808922817
447.99472685186993
450.47099195096428
447.99472685186993
448.73751589676993
448.39475735458916
445.65403263754945
445.72140793056985
446.8701979575419
447.46859644332386
447.00664179326708
445.83879522774123
450.47099195096428
450.47099195096428
448.39475735458916
450.47099195096428
450.47099195096428
443.88668497297493
447.22245427152581
450.47099195096428
448.73751589676993
450.47099195096428
450.47099195096428
446.63849511376429
447.99472685186993
448.73751589676993
448.73751589676993
448.73751589676993
450.47099195096428
450.47099195096428
450.47099195096428
448.89344752805931
450.47099195096428
450.47099195096428
450.47099195096428
450.47099195096428
450.47099195096428
450.47099195096428
450.47099195096428
450.47099195096428
445.65403263754945
450.47099195096428
445.64296305641801
448.89344752805931
448.89344752805931
447.99472685186993
448.09317988242333
450.47099195096428
450.47099195096428
450.47099195096428
448.73751589676993
450.47099195096428
447.46859644332386
445.72140793056985
450.47099195096428
450.47099195096428
450.47099195096428
450.47099195096428
441.04662662309863
445.85440804264499
448.89344752805931
450.47099195096428
446.80699198990868
450.47099195096428
450.47099195096428
446.50665309448567
445.72140793056985
446.94456445695516
448.39475735458916
450.47099195096428
448.73751589676993
450.47099195096428
450.47099195096428
448.73751589676993
447.99472685186993
450.47099195096428
450.57031241149281
450.57031241149281
450.47099195096428
448.09317988242333
441.27009434132765
450.47099195096428
448.73751589676993
448.89344752805931
450.47099195096428
450.47099195096428
446.6666435150845
450.47099195096428
448.09317988242333
446.80699198990868
446.35416877548573
446.6666435150845
450.47099195096428
450.47099195096428
446.94456445695516
448.39475735458916
450.47099195096428
447.46859644332386
450.47099195096428
450.47099195096428
450.47099195096428
450.47099195096428
450.47099195096428
448.73751589676993
450.47099195096428
447.22245427152581
448.73751589676993
447.46859644332386
447.46859644332386
448.73751589676993
441.91553141262443
446.6666435150845
450.47099195096428
448.89344752805931
450.47099195096428
448.39475735458916
450.47099195096428
450.47099195096428
446.50665309448567
450.47099195096428
450.47099195096428
450.47099195096428
450.47099195096428
450.47099195096428
448.39475735458916
448.73751589676993
445.38793266483532
447.00664179326708
445.26458517339177
450.47099195096428
446.56751671907159
450.57031241149281
450.57031241149281
450.57031241149281
450.57031241149281
450.57031241149281
448.56602846933481
450.57031241149281
450.57031241149281
445.77006550146291
450.57031241149281
448.56602846933481
448.42470340100334
450.57031241149281
450.57031241149281
450.57031241149281
450.57031241149281
450.57031241149281
448.56602846933481
450.57031241149281
450.57031241149281
442.9061489169523
446.56751671907159
445.85140453439868
448.56602846933481
448.56602846933481
448.42470340100334
447.52244745772072
450.57031241149281
450.57031241149281
450.47099195096428
450.47099195096428
448.89344752805931
448.89344752805931
450.47099195096428
442.9819522456603
448.39475735458916
450.47099195096428
450.47099195096428
448.89344752805931
450.47099195096428
450.47099195096428
448.73751589676993
450.47099195096428
448.56602846933481
448.56602846933481
450.57031241149281
450.57031241149281
443.53306998644661
450.57031241149281
450.57031241149281
450.57031241149281
448.56602846933481
450.57031241149281
450.57031241149281
450.57031241149281
446.27187885550791
450.57031241149281
450.57031241149281
450.57031241149281
450.57031241149281
450.57031241149281
450.57031241149281
450.57031241149281
450.57031241149281
450.57031241149281
450.57031241149281
450.57031241149281
450.57031241149281
448.89344752805931
445.81436902737431
450.47099195096428
450.47099195096428
446.63849511376429
448.89344752805931
447.46859644332386
447.46859644332386
448.39475735458916
450.47099195096428
447.99472685186993
447.33344882825054
450.47099195096428
445.26242538237267
450.47099195096428
447.99472685186993
450.47099195096428
448.09317988242333
446.63849511376429
446.94456445695516
447.33344882825054
450.47099195096428
450.47099195096428
450.47099195096428
448.73751589676993
447.33344882825054
450.47099195096428
447.99472685186993
446.50665309448567
446.80897966371549
450.47099195096428
450.47099195096428
443.44538004871123
450.47099195096428
446.35416877548573
447.99472685186993
448.39475735458916
448.89344752805931
450.47099195096428
448.39475735458916
450.47099195096428
450.47099195096428
448.39475735458916
448.73751589676993
450.47099195096428
448.89344752805931
445.64296305641801
450.47099195096428
448.89344752805931
447.00664179326708
446.80897966371549
448.09317988242333
448.73751589676993
447.46859644332386
446.10779464231604
450.47099195096428
448.89344752805931
450.47099195096428
441.88863060169592
448.39475735458916
450.47099195096428
450.47099195096428
448.39475735458916
448.39475735458916
450.47099195096428
445.81436902737431
448.89344752805931
450.47099195096428
448.73751589676993
450.47099195096428
450.47099195096428
450.47099195096428
450.47099195096428
446.10779464231604
450.47099195096428
450.47099195096428
450.47099195096428
450.47099195096428
450.47099195096428
450.47099195096428
450.47099195096428
450.47099195096428
450.47099195096428
450.47099195096428
448.73751589676993
448.89344752805931
450.47099195096428
448.73751589676993
450.47099195096428
450.47099195096428
450.47099195096428
450.47099195096428
450.47099195096428
450.47099195096428
447.99472685186993
450.47099195096428
448.73751589676993
450.47099195096428
448.89344752805931
448.39475735458916
450.47099195096428
450.47099195096428
448.73751589676993
447.99472685186993
450.47099195096428
450.47099195096428
448.89344752805931
450.47099195096428
450.47099195096428
450.47099195096428
450.47099195096428
445.85440804264499
450.47099195096428
